{
 "chain_iptm": [
  0.41,
  0.41,
  0.41,
  0.41,
  0.41,
  0.41
 ],
 "chain_pair_iptm": [
  [
   0.55,
   0.54,
   0.28,
   0.37,
   0.34,
   0.54
  ],
  [
   0.54,
   0.56,
   0.37,
   0.34,
   0.28,
   0.53
  ],
  [
   0.28,
   0.37,
   0.55,
   0.54,
   0.53,
   0.34
  ],
  [
   0.37,
   0.34,
   0.54,
   0.55,
   0.53,
   0.28
  ],
  [
   0.34,
   0.28,
   0.53,
   0.53,
   0.55,
   0.37
  ],
  [
   0.54,
   0.53,
   0.34,
   0.28,
   0.37,
   0.55
  ]
 ],
 "chain_pair_pae_min": [
  [
   0.76,
   4.68,
   14.36,
   4.34,
   11.29,
   4.41
  ],
  [
   4.66,
   0.76,
   4.12,
   11.34,
   14.4,
   4.6
  ],
  [
   14.43,
   4.07,
   0.76,
   4.82,
   4.59,
   11.32
  ],
  [
   4.25,
   11.12,
   4.69,
   0.76,
   4.7,
   14.64
  ],
  [
   11.31,
   14.53,
   4.65,
   4.84,
   0.76,
   4.07
  ],
  [
   4.59,
   4.71,
   11.35,
   14.59,
   4.1,
   0.76
  ]
 ],
 "chain_ptm": [
  0.55,
  0.56,
  0.55,
  0.55,
  0.55,
  0.55
 ],
 "fraction_disordered": 0.0,
 "has_clash": 0.0,
 "iptm": 0.49,
 "num_recycles": 10.0,
 "ptm": 0.53,
 "ranking_score": 0.5
}