{
 "chain_iptm": [
  0.41,
  0.41,
  0.41,
  0.41,
  0.41,
  0.41
 ],
 "chain_pair_iptm": [
  [
   0.56,
   0.55,
   0.28,
   0.36,
   0.33,
   0.55
  ],
  [
   0.55,
   0.56,
   0.36,
   0.33,
   0.28,
   0.54
  ],
  [
   0.28,
   0.36,
   0.56,
   0.54,
   0.54,
   0.33
  ],
  [
   0.36,
   0.33,
   0.54,
   0.56,
   0.54,
   0.28
  ],
  [
   0.33,
   0.28,
   0.54,
   0.54,
   0.56,
   0.36
  ],
  [
   0.55,
   0.54,
   0.33,
   0.28,
   0.36,
   0.56
  ]
 ],
 "chain_pair_pae_min": [
  [
   0.76,
   3.97,
   14.31,
   4.42,
   10.78,
   4.15
  ],
  [
   4.28,
   0.76,
   4.21,
   11.3,
   14.51,
   4.0
  ],
  [
   14.37,
   4.2,
   0.76,
   4.2,
   4.36,
   11.33
  ],
  [
   4.4,
   11.25,
   4.42,
   0.76,
   4.17,
   14.68
  ],
  [
   11.19,
   14.53,
   4.11,
   4.58,
   0.76,
   4.24
  ],
  [
   3.97,
   4.51,
   11.31,
   14.5,
   4.27,
   0.76
  ]
 ],
 "chain_ptm": [
  0.56,
  0.56,
  0.56,
  0.56,
  0.56,
  0.56
 ],
 "fraction_disordered": 0.01,
 "has_clash": 0.0,
 "iptm": 0.49,
 "num_recycles": 10.0,
 "ptm": 0.54,
 "ranking_score": 0.51
}