{
 "chain_iptm": [
  0.42,
  0.42,
  0.42,
  0.42,
  0.42,
  0.42
 ],
 "chain_pair_iptm": [
  [
   0.57,
   0.56,
   0.29,
   0.35,
   0.35,
   0.55
  ],
  [
   0.56,
   0.57,
   0.35,
   0.35,
   0.29,
   0.55
  ],
  [
   0.29,
   0.35,
   0.57,
   0.55,
   0.55,
   0.35
  ],
  [
   0.35,
   0.35,
   0.55,
   0.57,
   0.55,
   0.29
  ],
  [
   0.35,
   0.29,
   0.55,
   0.55,
   0.57,
   0.35
  ],
  [
   0.55,
   0.55,
   0.35,
   0.29,
   0.35,
   0.57
  ]
 ],
 "chain_pair_pae_min": [
  [
   0.76,
   4.39,
   13.72,
   4.44,
   10.65,
   4.16
  ],
  [
   4.34,
   0.76,
   4.11,
   10.57,
   13.73,
   4.23
  ],
  [
   13.87,
   3.98,
   0.76,
   4.47,
   4.34,
   10.66
  ],
  [
   4.42,
   10.56,
   4.38,
   0.76,
   4.39,
   13.98
  ],
  [
   10.61,
   13.73,
   4.38,
   4.5,
   0.76,
   4.09
  ],
  [
   4.28,
   4.38,
   10.72,
   13.78,
   4.1,
   0.76
  ]
 ],
 "chain_ptm": [
  0.57,
  0.57,
  0.57,
  0.57,
  0.57,
  0.57
 ],
 "fraction_disordered": 0.0,
 "has_clash": 0.0,
 "iptm": 0.51,
 "num_recycles": 10.0,
 "ptm": 0.55,
 "ranking_score": 0.52
}