{
 "chain_iptm": [
  0.42,
  0.42,
  0.42,
  0.42,
  0.42,
  0.42
 ],
 "chain_pair_iptm": [
  [
   0.56,
   0.55,
   0.29,
   0.36,
   0.34,
   0.55
  ],
  [
   0.55,
   0.56,
   0.37,
   0.35,
   0.29,
   0.54
  ],
  [
   0.29,
   0.37,
   0.57,
   0.55,
   0.55,
   0.34
  ],
  [
   0.36,
   0.35,
   0.55,
   0.56,
   0.55,
   0.29
  ],
  [
   0.34,
   0.29,
   0.55,
   0.55,
   0.57,
   0.36
  ],
  [
   0.55,
   0.54,
   0.34,
   0.29,
   0.36,
   0.56
  ]
 ],
 "chain_pair_pae_min": [
  [
   0.76,
   3.95,
   14.11,
   4.15,
   10.92,
   4.05
  ],
  [
   4.18,
   0.76,
   4.01,
   11.1,
   14.18,
   3.86
  ],
  [
   14.13,
   3.99,
   0.76,
   4.04,
   4.19,
   11.04
  ],
  [
   4.13,
   10.86,
   4.23,
   0.76,
   3.98,
   14.34
  ],
  [
   11.0,
   14.17,
   3.91,
   4.28,
   0.76,
   3.98
  ],
  [
   3.86,
   4.32,
   11.11,
   14.42,
   4.03,
   0.76
  ]
 ],
 "chain_ptm": [
  0.56,
  0.56,
  0.57,
  0.56,
  0.57,
  0.56
 ],
 "fraction_disordered": 0.0,
 "has_clash": 0.0,
 "iptm": 0.5,
 "num_recycles": 10.0,
 "ptm": 0.54,
 "ranking_score": 0.51
}