{
 "chain_iptm": [
  0.43,
  0.43,
  0.43,
  0.43,
  0.43,
  0.43
 ],
 "chain_pair_iptm": [
  [
   0.57,
   0.57,
   0.3,
   0.38,
   0.35,
   0.56
  ],
  [
   0.57,
   0.57,
   0.38,
   0.36,
   0.3,
   0.56
  ],
  [
   0.3,
   0.38,
   0.57,
   0.55,
   0.56,
   0.35
  ],
  [
   0.38,
   0.36,
   0.55,
   0.56,
   0.55,
   0.29
  ],
  [
   0.35,
   0.3,
   0.56,
   0.55,
   0.57,
   0.38
  ],
  [
   0.56,
   0.56,
   0.35,
   0.29,
   0.38,
   0.57
  ]
 ],
 "chain_pair_pae_min": [
  [
   0.76,
   4.0,
   13.68,
   4.25,
   10.59,
   4.01
  ],
  [
   4.17,
   0.76,
   4.1,
   10.71,
   13.75,
   3.91
  ],
  [
   13.84,
   4.08,
   0.76,
   4.08,
   4.19,
   10.83
  ],
  [
   4.22,
   10.53,
   4.27,
   0.76,
   4.03,
   14.15
  ],
  [
   10.77,
   14.0,
   3.91,
   4.36,
   0.76,
   4.08
  ],
  [
   3.87,
   4.19,
   10.79,
   13.97,
   4.03,
   0.76
  ]
 ],
 "chain_ptm": [
  0.57,
  0.57,
  0.57,
  0.56,
  0.57,
  0.57
 ],
 "fraction_disordered": 0.0,
 "has_clash": 0.0,
 "iptm": 0.51,
 "num_recycles": 10.0,
 "ptm": 0.55,
 "ranking_score": 0.52
}