{
 "chain_iptm": [
  0.63,
  0.63,
  0.63,
  0.63,
  0.62,
  0.62
 ],
 "chain_pair_iptm": [
  [
   0.64,
   0.67,
   0.57,
   0.61,
   0.63,
   0.67
  ],
  [
   0.67,
   0.65,
   0.61,
   0.63,
   0.56,
   0.66
  ],
  [
   0.57,
   0.61,
   0.64,
   0.66,
   0.66,
   0.63
  ],
  [
   0.61,
   0.63,
   0.66,
   0.64,
   0.66,
   0.56
  ],
  [
   0.63,
   0.56,
   0.66,
   0.66,
   0.64,
   0.6
  ],
  [
   0.67,
   0.66,
   0.63,
   0.56,
   0.6,
   0.64
  ]
 ],
 "chain_pair_pae_min": [
  [
   0.76,
   2.58,
   6.42,
   1.84,
   3.54,
   2.58
  ],
  [
   2.68,
   0.76,
   1.74,
   3.57,
   6.53,
   2.62
  ],
  [
   6.38,
   1.74,
   0.76,
   2.69,
   2.66,
   3.54
  ],
  [
   1.83,
   3.54,
   2.67,
   0.76,
   2.72,
   6.6
  ],
  [
   3.57,
   6.55,
   2.57,
   2.72,
   0.76,
   1.79
  ],
  [
   2.52,
   2.65,
   3.59,
   6.54,
   1.78,
   0.76
  ]
 ],
 "chain_ptm": [
  0.64,
  0.65,
  0.64,
  0.64,
  0.64,
  0.64
 ],
 "fraction_disordered": 0.02,
 "has_clash": 0.0,
 "iptm": 0.73,
 "num_recycles": 10.0,
 "ptm": 0.75,
 "ranking_score": 0.75
}