{
 "chain_iptm": [
  0.58,
  0.58,
  0.58,
  0.58,
  0.58,
  0.58
 ],
 "chain_pair_iptm": [
  [
   0.62,
   0.63,
   0.51,
   0.56,
   0.58,
   0.63
  ],
  [
   0.63,
   0.62,
   0.56,
   0.58,
   0.51,
   0.63
  ],
  [
   0.51,
   0.56,
   0.62,
   0.63,
   0.63,
   0.58
  ],
  [
   0.56,
   0.58,
   0.63,
   0.62,
   0.63,
   0.51
  ],
  [
   0.58,
   0.51,
   0.63,
   0.63,
   0.62,
   0.56
  ],
  [
   0.63,
   0.63,
   0.58,
   0.51,
   0.56,
   0.62
  ]
 ],
 "chain_pair_pae_min": [
  [
   0.76,
   3.1,
   7.27,
   2.1,
   4.04,
   2.88
  ],
  [
   3.04,
   0.76,
   1.93,
   4.2,
   7.46,
   3.04
  ],
  [
   7.28,
   1.93,
   0.76,
   3.15,
   2.95,
   4.05
  ],
  [
   2.06,
   4.24,
   2.98,
   0.76,
   3.2,
   7.57
  ],
  [
   4.16,
   7.55,
   3.07,
   3.09,
   0.76,
   1.99
  ],
  [
   3.01,
   3.02,
   4.15,
   7.52,
   1.99,
   0.76
  ]
 ],
 "chain_ptm": [
  0.62,
  0.62,
  0.62,
  0.62,
  0.62,
  0.62
 ],
 "fraction_disordered": 0.02,
 "has_clash": 0.0,
 "iptm": 0.69,
 "num_recycles": 10.0,
 "ptm": 0.7,
 "ranking_score": 0.7
}