{
 "chain_iptm": [
  0.62,
  0.62,
  0.62,
  0.62,
  0.62,
  0.62
 ],
 "chain_pair_iptm": [
  [
   0.63,
   0.66,
   0.56,
   0.6,
   0.62,
   0.66
  ],
  [
   0.66,
   0.64,
   0.6,
   0.62,
   0.56,
   0.66
  ],
  [
   0.56,
   0.6,
   0.64,
   0.66,
   0.66,
   0.62
  ],
  [
   0.6,
   0.62,
   0.66,
   0.64,
   0.66,
   0.56
  ],
  [
   0.62,
   0.56,
   0.66,
   0.66,
   0.64,
   0.6
  ],
  [
   0.66,
   0.66,
   0.62,
   0.56,
   0.6,
   0.63
  ]
 ],
 "chain_pair_pae_min": [
  [
   0.76,
   2.79,
   6.4,
   1.91,
   3.58,
   2.71
  ],
  [
   2.81,
   0.76,
   1.82,
   3.7,
   6.56,
   2.7
  ],
  [
   6.46,
   1.82,
   0.76,
   2.8,
   2.8,
   3.52
  ],
  [
   1.9,
   3.66,
   2.8,
   0.76,
   2.84,
   6.67
  ],
  [
   3.66,
   6.66,
   2.75,
   2.86,
   0.76,
   1.85
  ],
  [
   2.63,
   2.8,
   3.6,
   6.66,
   1.84,
   0.76
  ]
 ],
 "chain_ptm": [
  0.63,
  0.64,
  0.64,
  0.64,
  0.64,
  0.63
 ],
 "fraction_disordered": 0.02,
 "has_clash": 0.0,
 "iptm": 0.73,
 "num_recycles": 10.0,
 "ptm": 0.74,
 "ranking_score": 0.74
}