{
 "chain_iptm": [
  0.62,
  0.62,
  0.62,
  0.62,
  0.62,
  0.62
 ],
 "chain_pair_iptm": [
  [
   0.64,
   0.66,
   0.56,
   0.6,
   0.62,
   0.66
  ],
  [
   0.66,
   0.64,
   0.6,
   0.62,
   0.56,
   0.66
  ],
  [
   0.56,
   0.6,
   0.64,
   0.66,
   0.66,
   0.62
  ],
  [
   0.6,
   0.62,
   0.66,
   0.64,
   0.66,
   0.56
  ],
  [
   0.62,
   0.56,
   0.66,
   0.66,
   0.64,
   0.6
  ],
  [
   0.66,
   0.66,
   0.62,
   0.56,
   0.6,
   0.64
  ]
 ],
 "chain_pair_pae_min": [
  [
   0.76,
   2.75,
   6.48,
   1.95,
   3.64,
   2.71
  ],
  [
   2.81,
   0.76,
   1.83,
   3.73,
   6.62,
   2.73
  ],
  [
   6.45,
   1.81,
   0.76,
   2.74,
   2.79,
   3.64
  ],
  [
   1.94,
   3.71,
   2.8,
   0.76,
   2.8,
   6.66
  ],
  [
   3.74,
   6.64,
   2.68,
   2.86,
   0.76,
   1.86
  ],
  [
   2.63,
   2.75,
   3.7,
   6.64,
   1.88,
   0.76
  ]
 ],
 "chain_ptm": [
  0.64,
  0.64,
  0.64,
  0.64,
  0.64,
  0.64
 ],
 "fraction_disordered": 0.02,
 "has_clash": 0.0,
 "iptm": 0.73,
 "num_recycles": 10.0,
 "ptm": 0.74,
 "ranking_score": 0.74
}