{
 "chain_iptm": [
  0.61,
  0.61,
  0.61,
  0.61,
  0.61,
  0.61
 ],
 "chain_pair_iptm": [
  [
   0.63,
   0.65,
   0.55,
   0.59,
   0.61,
   0.65
  ],
  [
   0.65,
   0.63,
   0.59,
   0.61,
   0.54,
   0.65
  ],
  [
   0.55,
   0.59,
   0.63,
   0.65,
   0.65,
   0.61
  ],
  [
   0.59,
   0.61,
   0.65,
   0.63,
   0.64,
   0.54
  ],
  [
   0.61,
   0.54,
   0.65,
   0.64,
   0.63,
   0.59
  ],
  [
   0.65,
   0.65,
   0.61,
   0.54,
   0.59,
   0.63
  ]
 ],
 "chain_pair_pae_min": [
  [
   0.76,
   2.84,
   6.68,
   2.0,
   3.77,
   2.86
  ],
  [
   2.97,
   0.76,
   1.9,
   3.97,
   6.88,
   2.84
  ],
  [
   6.72,
   1.88,
   0.76,
   2.88,
   2.84,
   3.72
  ],
  [
   2.01,
   3.84,
   2.93,
   0.76,
   2.95,
   6.94
  ],
  [
   3.96,
   7.05,
   2.8,
   3.02,
   0.76,
   1.92
  ],
  [
   2.74,
   2.93,
   3.8,
   6.92,
   1.92,
   0.76
  ]
 ],
 "chain_ptm": [
  0.63,
  0.63,
  0.63,
  0.63,
  0.63,
  0.63
 ],
 "fraction_disordered": 0.02,
 "has_clash": 0.0,
 "iptm": 0.72,
 "num_recycles": 10.0,
 "ptm": 0.73,
 "ranking_score": 0.73
}