{
 "chain_iptm": [
  0.59,
  0.59,
  0.59,
  0.59,
  0.59,
  0.59
 ],
 "chain_pair_iptm": [
  [
   0.64,
   0.62,
   0.62,
   0.55,
   0.6,
   0.56
  ],
  [
   0.62,
   0.64,
   0.62,
   0.61,
   0.56,
   0.54
  ],
  [
   0.62,
   0.62,
   0.64,
   0.56,
   0.54,
   0.6
  ],
  [
   0.55,
   0.61,
   0.56,
   0.65,
   0.63,
   0.63
  ],
  [
   0.6,
   0.56,
   0.54,
   0.63,
   0.64,
   0.62
  ],
  [
   0.56,
   0.54,
   0.6,
   0.63,
   0.62,
   0.64
  ]
 ],
 "chain_pair_pae_min": [
  [
   0.76,
   3.72,
   4.18,
   8.08,
   3.51,
   3.12
  ],
  [
   4.06,
   0.76,
   3.76,
   3.51,
   3.1,
   8.18
  ],
  [
   3.74,
   3.96,
   0.76,
   2.87,
   8.28,
   3.57
  ],
  [
   8.01,
   3.51,
   2.91,
   0.76,
   3.69,
   4.08
  ],
  [
   3.56,
   3.1,
   8.22,
   4.02,
   0.76,
   3.7
  ],
  [
   3.17,
   8.11,
   3.5,
   3.72,
   3.95,
   0.76
  ]
 ],
 "chain_ptm": [
  0.64,
  0.64,
  0.64,
  0.65,
  0.64,
  0.64
 ],
 "fraction_disordered": 0.0,
 "has_clash": 0.0,
 "iptm": 0.69,
 "num_recycles": 10.0,
 "ptm": 0.71,
 "ranking_score": 0.7
}