{
 "chain_iptm": [
  0.62,
  0.62,
  0.62,
  0.63,
  0.63,
  0.63
 ],
 "chain_pair_iptm": [
  [
   0.67,
   0.66,
   0.66,
   0.58,
   0.63,
   0.59
  ],
  [
   0.66,
   0.67,
   0.66,
   0.64,
   0.59,
   0.58
  ],
  [
   0.66,
   0.66,
   0.67,
   0.6,
   0.58,
   0.64
  ],
  [
   0.58,
   0.64,
   0.6,
   0.67,
   0.66,
   0.66
  ],
  [
   0.63,
   0.59,
   0.58,
   0.66,
   0.67,
   0.66
  ],
  [
   0.59,
   0.58,
   0.64,
   0.66,
   0.66,
   0.67
  ]
 ],
 "chain_pair_pae_min": [
  [
   0.76,
   3.51,
   3.59,
   7.23,
   3.16,
   2.77
  ],
  [
   3.66,
   0.76,
   3.49,
   3.15,
   2.77,
   7.28
  ],
  [
   3.56,
   3.56,
   0.76,
   2.6,
   7.23,
   3.2
  ],
  [
   7.1,
   3.14,
   2.62,
   0.76,
   3.48,
   3.41
  ],
  [
   3.14,
   2.76,
   7.18,
   3.46,
   0.76,
   3.37
  ],
  [
   2.79,
   7.26,
   3.14,
   3.34,
   3.45,
   0.76
  ]
 ],
 "chain_ptm": [
  0.67,
  0.67,
  0.67,
  0.67,
  0.67,
  0.67
 ],
 "fraction_disordered": 0.0,
 "has_clash": 0.0,
 "iptm": 0.73,
 "num_recycles": 10.0,
 "ptm": 0.75,
 "ranking_score": 0.73
}