{
 "chain_iptm": [
  0.67,
  0.67,
  0.67,
  0.67,
  0.67,
  0.67
 ],
 "chain_pair_iptm": [
  [
   0.69,
   0.71,
   0.71,
   0.63,
   0.68,
   0.64
  ],
  [
   0.71,
   0.69,
   0.71,
   0.68,
   0.64,
   0.63
  ],
  [
   0.71,
   0.71,
   0.69,
   0.64,
   0.63,
   0.68
  ],
  [
   0.63,
   0.68,
   0.64,
   0.69,
   0.71,
   0.71
  ],
  [
   0.68,
   0.64,
   0.63,
   0.71,
   0.69,
   0.71
  ],
  [
   0.64,
   0.63,
   0.68,
   0.71,
   0.71,
   0.69
  ]
 ],
 "chain_pair_pae_min": [
  [
   0.76,
   2.62,
   2.84,
   5.94,
   2.64,
   2.39
  ],
  [
   2.82,
   0.76,
   2.53,
   2.6,
   2.38,
   5.93
  ],
  [
   2.63,
   2.8,
   0.76,
   2.27,
   6.02,
   2.59
  ],
  [
   5.92,
   2.6,
   2.3,
   0.76,
   2.57,
   2.72
  ],
  [
   2.66,
   2.37,
   5.92,
   2.75,
   0.76,
   2.66
  ],
  [
   2.42,
   5.96,
   2.56,
   2.54,
   2.79,
   0.76
  ]
 ],
 "chain_ptm": [
  0.69,
  0.69,
  0.69,
  0.69,
  0.69,
  0.69
 ],
 "fraction_disordered": 0.0,
 "has_clash": 0.0,
 "iptm": 0.77,
 "num_recycles": 10.0,
 "ptm": 0.79,
 "ranking_score": 0.77
}