{
 "chain_iptm": [
  0.61,
  0.6,
  0.61,
  0.61,
  0.6,
  0.6
 ],
 "chain_pair_iptm": [
  [
   0.66,
   0.64,
   0.64,
   0.56,
   0.62,
   0.57
  ],
  [
   0.64,
   0.66,
   0.64,
   0.61,
   0.57,
   0.55
  ],
  [
   0.64,
   0.64,
   0.66,
   0.57,
   0.56,
   0.62
  ],
  [
   0.56,
   0.61,
   0.57,
   0.66,
   0.64,
   0.64
  ],
  [
   0.62,
   0.57,
   0.56,
   0.64,
   0.66,
   0.64
  ],
  [
   0.57,
   0.55,
   0.62,
   0.64,
   0.64,
   0.66
  ]
 ],
 "chain_pair_pae_min": [
  [
   0.76,
   3.54,
   3.79,
   7.83,
   3.38,
   3.04
  ],
  [
   3.78,
   0.76,
   3.56,
   3.44,
   3.01,
   7.94
  ],
  [
   3.58,
   3.83,
   0.76,
   2.81,
   7.96,
   3.44
  ],
  [
   7.76,
   3.42,
   2.84,
   0.76,
   3.52,
   3.68
  ],
  [
   3.4,
   3.03,
   7.8,
   3.77,
   0.76,
   3.55
  ],
  [
   3.04,
   7.93,
   3.37,
   3.44,
   3.79,
   0.76
  ]
 ],
 "chain_ptm": [
  0.66,
  0.66,
  0.66,
  0.66,
  0.66,
  0.66
 ],
 "fraction_disordered": 0.0,
 "has_clash": 0.0,
 "iptm": 0.71,
 "num_recycles": 10.0,
 "ptm": 0.73,
 "ranking_score": 0.71
}